1268139655398043392 49.0130075652 8.3587466157 114.1870193481 -5311.3284067104 -1023.6008111322 114.1870193481 -0.0273490000 2.0916859215 1.0074053268 
1268139655503796736 49.0130159669 8.3587549803 114.1843414307 -5310.7088780684 -1022.6720011365 114.1843414307 -0.0282620000 2.0913959215 1.0072143268 
1268139655609685760 49.0130250016 8.3587639606 114.1848220825 -5310.0437251099 -1021.6732101068 114.1848220825 -0.0294140000 2.0923779215 1.0070093268 
1268139655715247872 49.0130330326 8.3587719948 114.1857681274 -5309.4486965964 -1020.7854209784 114.1857681274 -0.0302600000 2.0939929215 1.0069093268 
1268139655820880896 49.0130416673 8.3587806400 114.1863479614 -5308.8084263349 -1019.8308817856 114.1863479614 -0.0313850000 2.0953659215 1.0070873268 
1268139655927088384 49.0130502089 8.3587891816 114.1850433350 -5308.1758252096 -1018.8866432272 114.1850433350 -0.0310600000 2.0953489215 1.0075143268 
1268139656032684288 49.0130578618 8.3587968507 114.1785507202 -5307.6078472011 -1018.0406461461 114.1785507202 -0.0318370000 2.0946619215 1.0077163268 
1268139656138064640 49.0130661388 8.3588051296 114.1714248657 -5306.9947026490 -1017.1256505232 114.1714248657 -0.0318530000 2.0950919215 1.0078773268 
1268139656243963648 49.0130735294 8.3588125322 114.1680603027 -5306.4464596433 -1016.3086505551 114.1680603027 -0.0325970000 2.0963359215 1.0079943268 
1268139656349629440 49.0130815085 8.3588204968 114.1667022705 -5305.8565731358 -1015.4265766861 114.1667022705 -0.0336310000 2.0967899215 1.0082823268 
1268139656455460096 49.0130886022 8.3588276041 114.1638183594 -5305.3302068791 -1014.6424046671 114.1638183594 -0.0345510000 2.0971409215 1.0084193268 
1268139656561373696 49.0130962377 8.3588352186 114.1559524536 -5304.7662453422 -1013.7983017340 114.1559524536 -0.0356420000 2.0970279215 1.0086413268 
1268139656667326208 49.0131036690 8.3588426947 114.1456298828 -5304.2125929212 -1012.9768302934 114.1456298828 -0.0356470000 2.0965139215 1.0087113268 
1268139656772846848 49.0131103102 8.3588492870 114.1383514404 -5303.7243075840 -1012.2426281879 114.1383514404 -0.0353260000 2.0951939215 1.0087963268 
1268139656878482176 49.0131174732 8.3588564419 114.1353073120 -5303.1943990419 -1011.4507854544 114.1353073120 -0.0359570000 2.0950179215 1.0088813268 
1268139656984659200 49.0131238572 8.3588627828 114.1349487305 -5302.7247410577 -1010.7450190606 114.1349487305 -0.0340810000 2.0944969215 1.0093703268 
1268139657089934080 49.0131307275 8.3588696561 114.1303024292 -5302.2156941203 -1009.9855365092 114.1303024292 -0.0343880000 2.0942659215 1.0093543268 
1268139657195794688 49.0131368564 8.3588757406 114.1163864136 -5301.7650250532 -1009.3079768596 114.1163864136 -0.0344800000 2.0916249215 1.0096623268 
1268139657301511168 49.0131434379 8.3588822989 114.1068572998 -5301.2792839289 -1008.5804007687 114.1068572998 -0.0336580000 2.0908179215 1.0089843268 
1268139657407695104 49.0131498226 8.3588886337 114.0915298462 -5300.8100702151 -1007.8745557182 114.0915298462 -0.0343030000 2.0899329215 1.0083483268 
1268139657513160704 49.0131554277 8.3588942594 114.0823516846 -5300.3934410851 -1007.2549425708 114.0823516846 -0.0340700000 2.0916609215 1.0080463268 
1268139657618835456 49.0131614121 8.3589002615 114.0701370239 -5299.9489376305 -1006.5934041385 114.0701370239 -0.0336740000 2.0937109215 1.0071533268 
1268139657724740096 49.0131667051 8.3589056171 114.0593566895 -5299.5523487278 -1006.0083149066 114.0593566895 -0.0331820000 2.0944709215 1.0051263268 
1268139657830843904 49.0131723479 8.3589113428 114.0437240601 -5299.1283728768 -1005.3845715048 114.0437240601 -0.0330780000 2.0945419215 1.0005283268 
1268139657936309248 49.0131773442 8.3589164862 114.0333328247 -5298.7475848083 -1004.8323348677 114.0333328247 -0.0326890000 2.0945989215 0.9947283268 
1268139658042291968 49.0131826758 8.3589220261 114.0190124512 -5298.3374836632 -1004.2430722723 114.0190124512 -0.0336780000 2.0936199215 0.9873613268 
1268139658148157440 49.0131878680 8.3589275000 114.0059280396 -5297.9323461635 -1003.6692662630 114.0059280396 -0.0342520000 2.0924029215 0.9792773268 
1268139658254023424 49.0131924519 8.3589324512 114.0033416748 -5297.5659981458 -1003.1627587993 114.0033416748 -0.0345820000 2.0909719215 0.9708643268 
1268139658359821312 49.0131973416 8.3589378333 114.0074005127 -5297.1678517660 -1002.6225127755 114.0074005127 -0.0329150000 2.0890329215 0.9597443268 
1268139658466233088 49.0132016265 8.3589427078 114.0100402832 -5296.8073901446 -1002.1491983989 114.0100402832 -0.0302580000 2.0863119215 0.9463953268 
1268139658571810048 49.0132061385 8.3589480060 114.0011520386 -5296.4157385540 -1001.6508997986 114.0011520386 -0.0268770000 2.0835489215 0.9272083268 
1268139658677697280 49.0132104527 8.3589533156 113.9936523438 -5296.0234334129 -1001.1745873922 113.9936523438 -0.0238750000 2.0812149215 0.9018103268 
1268139658784012032 49.0132141849 8.3589580966 113.9873657227 -5295.6703292147 -1000.7626530789 113.9873657227 -0.0219840000 2.0805359215 0.8728803268 
1268139658889655552 49.0132180504 8.3589634463 113.9818191528 -5295.2755179422 -1000.3362570209 113.9818191528 -0.0223580000 2.0816439215 0.8369443268 
1268139658996088576 49.0132213564 8.3589683450 113.9781494141 -5294.9142126648 -999.9717687992 113.9781494141 -0.0240760000 2.0823299215 0.8024243268 
1268139659102147328 49.0132248083 8.3589739161 113.9790802002 -5294.5035927749 -999.5914768735 113.9790802002 -0.0235910000 2.0842569215 0.7610503268 
1268139659208321792 49.0132280731 8.3589795942 113.9782028198 -5294.0853349210 -999.2320550364 113.9782028198 -0.0215110000 2.0888639215 0.7144063268 
1268139659314349312 49.0132308733 8.3589849283 113.9788513184 -5293.6926612686 -998.9240716128 113.9788513184 -0.0203720000 2.0915749215 0.6682413268 
1268139659420681984 49.0132337701 8.3589909691 113.9847564697 -5293.2482228089 -998.6057788469 113.9847564697 -0.0224940000 2.0892369215 0.6140113268 
1268139659526984960 49.0132364177 8.3589971939 113.9811859131 -5292.7905620389 -998.3153054081 113.9811859131 -0.0227020000 2.0892949215 0.5564913268 
1268139659633671168 49.0132385953 8.3590030224 113.9678039551 -5292.3623230813 -998.0768268295 113.9678039551 -0.0176220000 2.0896339215 0.5003883268 
1268139659739666432 49.0132407496 8.3590095425 113.9436264038 -5291.8835355845 -997.8413744429 113.9436264038 -0.0148800000 2.0910279215 0.4374443268 
1268139659845385984 49.0132424003 8.3590156160 113.9301834106 -5291.4378821026 -997.6616239799 113.9301834106 -0.0173200000 2.0951679215 0.3809153268 
1268139659951666688 49.0132438881 8.3590223786 113.9166336060 -5290.9419829597 -997.5004148567 113.9166336060 -0.0225330000 2.0998559215 0.3187553268 
1268139660057833728 49.0132451153 8.3590293294 113.9023895264 -5290.4325732925 -997.3682823451 113.9023895264 -0.0161950000 2.0991489215 0.2558903268 
1268139660164018944 49.0132460091 8.3590356750 113.8814163208 -5289.9677257930 -997.2728391308 113.8814163208 -0.0093130000 2.0943219215 0.1986373268 
1268139660270446336 49.0132466777 8.3590427760 113.8577270508 -5289.4478590980 -997.2029054770 113.8577270508 2.0728119215 2.0883489215 0.1377993268 
1268139660375964672 49.0132470617 8.3590491810 113.8318786621 -5288.9791494109 -997.1641652631 113.8318786621 2.0750079215 2.0854179215 0.0818413268 
1268139660481835008 49.0132472022 8.3590562657 113.8128204346 -5288.4609666871 -997.1529215779 113.8128204346 2.0765709215 2.0850479215 0.0206753268 
1268139660587915520 49.0132470836 8.3590633399 113.8019866943 -5287.9437890145 -997.1704770625 113.8019866943 2.0790979215 2.0839769215 -0.0407616732 
1268139660693515008 49.0132467379 8.3590698158 113.8013076782 -5287.4705789392 -997.2129016696 113.8013076782 2.0813429215 2.0815359215 -0.0962686732 
1268139660799181568 49.0132460972 8.3590768534 113.8038864136 -5286.9565767448 -997.2884730538 113.8038864136 2.0845149215 2.0810549215 -0.1564986732 
1268139660905022208 49.0132452798 8.3590832528 113.8118286133 -5286.4894005756 -997.3832946997 113.8118286133 2.0856509215 2.0796889215 -0.2107616732 
1268139661011169792 49.0132440793 8.3590902089 113.8095474243 -5285.9818844408 -997.5210354067 113.8095474243 2.0867199215 2.0770229215 -0.2676366732 
1268139661117220608 49.0132426527 8.3590971028 113.8016357422 -5285.4791234102 -997.6838785168 113.8016357422 2.0842719215 2.0747579215 -0.3195756732 
1268139661222458880 49.0132411501 8.3591033319 113.7996597290 -5285.0250473559 -997.8547691088 113.7996597290 2.0796569215 2.0737559215 -0.3608376732 
1268139661328427008 49.0132392811 8.3591100919 113.8030624390 -5284.5324906182 -998.0667107468 113.8030624390 2.0758169215 2.0733209215 -0.3995406732 
1268139661433464832 49.0132374209 8.3591162164 113.8123168945 -5284.0864001815 -998.2772721816 113.8123168945 -0.0000120000 2.0735419215 -0.4286916732 
1268139661539234816 49.0132352161 8.3591228900 113.8198776245 -5283.6004814637 -998.5264962846 113.8198776245 -0.0009940000 -0.0000750000 -0.4537316732 
1268139661644275200 49.0132331080 8.3591289689 113.8190307617 -5283.1579511788 -998.7645860873 113.8190307617 2.0733959215 -0.0004140000 -0.4718576732 
1268139661749952000 49.0132307534 8.3591356214 113.8108367920 -5282.6737192944 -999.0304461075 113.8108367920 2.0739339215 2.0767209215 -0.4887586732 
1268139661854884864 49.0132284969 8.3591417437 113.8003921509 -5282.2281542781 -999.2850663783 113.8003921509 -0.0018970000 2.0789939215 -0.5002826732 
1268139661960374016 49.0132259476 8.3591485026 113.8002166748 -5281.7363206370 -999.5726365447 113.8002166748 -0.0067730000 2.0818019215 -0.5088486732 
1268139662065948160 49.0132235529 8.3591547293 113.8088150024 -5281.2832593916 -999.8426791979 113.8088150024 -0.0054760000 2.0841749215 -0.5139606732 
1268139662171264512 49.0132208098 8.3591616969 113.8079757690 -5280.7763399031 -1000.1519200364 113.8079757690 2.0759119215 2.0811309215 -0.5177926732 
1268139662276530944 49.0132180041 8.3591689174 113.7919998169 -5280.2509967374 -1000.4682778800 113.7919998169 2.0800329215 -0.0025530000 -0.5197366732 
1268139662381960960 49.0132153841 8.3591755401 113.7794570923 -5279.7691884325 -1000.7636093907 113.7794570923 2.0798299215 -0.0110900000 -0.5198906732 
1268139662487515904 49.0132124066 8.3591830000 113.7807693481 -5279.2264909249 -1001.0992102949 113.7807693481 2.0796559215 -0.0149530000 -0.5213076732 
1268139662593396992 49.0132096700 8.3591898419 113.7945480347 -5278.7287666542 -1001.4076479049 113.7945480347 2.0808499215 -0.0113290000 -0.5239006732 
1268139662698905856 49.0132065875 8.3591975686 113.8096542358 -5278.1666650087 -1001.7550873933 113.8096542358 2.0835469215 -0.0057030000 -0.5261436732 
1268139662804396288 49.0132037046 8.3592046545 113.8277740479 -5277.6512268084 -1002.0799387014 113.8277740479 2.0867619215 2.0737349215 -0.5279836732 
1268139662909895680 49.0132004604 8.3592127350 113.8343963623 -5277.0634093339 -1002.4455667380 113.8343963623 2.0898139215 2.0760639215 -0.5302056732 
1268139663015524096 49.0131974360 8.3592201891 113.8364410400 -5276.5211819652 -1002.7863728469 113.8364410400 2.0935209215 2.0765489215 -0.5320856732 
1268139663121398784 49.0131940479 8.3592286063 113.8355712891 -5275.9088766164 -1003.1681993678 113.8355712891 2.0902969215 2.0768909215 -0.5334226732 
1268139663226810880 49.0131905628 8.3592370977 113.8285980225 -5275.2912328508 -1003.5608643135 113.8285980225 2.0896479215 2.0789739215 -0.5352526732 
1268139663332594176 49.0131873917 8.3592449905 113.8167266846 -5274.7170688433 -1003.9182569785 113.8167266846 2.0908929215 2.0805239215 -0.5381166732 
1268139663438773504 49.0131838885 8.3592537745 113.7995605469 -5274.0780444092 -1004.3131074701 113.7995605469 2.0900759215 2.0827719215 -0.5410176732 
1268139663544155392 49.0131805906 8.3592618613 113.8008422852 -5273.4898110068 -1004.6847100053 113.8008422852 2.0881779215 2.0832949215 -0.5422586732 
1268139663649816576 49.0131769179 8.3592708784 113.8039245605 -5272.8339083927 -1005.0985491285 113.8039245605 2.0845479215 2.0768099215 -0.5447916732 
1268139663755584768 49.0131732127 8.3592799943 113.8069458008 -5272.1708009900 -1005.5160575779 113.8069458008 2.0812469215 -0.0020320000 -0.5471566732 
1268139663861869824 49.0131697577 8.3592883967 113.7966079712 -5271.5596378160 -1005.9053194681 113.7966079712 2.0796939215 -0.0105400000 -0.5476186732 
1268139663966933504 49.0131659439 8.3592975692 113.8026351929 -5270.8925011080 -1006.3349482566 113.8026351929 2.0845669215 -0.0100450000 -0.5485076732 
1268139664072905216 49.0131624637 8.3593060152 113.8141403198 -5270.2781768727 -1006.7270307429 113.8141403198 2.0840259215 -0.0049780000 -0.5495636732 
1268139664178714624 49.0131586524 8.3593152900 113.8116836548 -5269.6035517543 -1007.1564339064 113.8116836548 2.0855049215 2.0741779215 -0.5511336732 
1268139664284314624 49.0131551378 8.3593238005 113.8104019165 -5268.9845399837 -1007.5523931282 113.8104019165 2.0861059215 2.0796959215 -0.5525556732 
1268139664390084864 49.0131512228 8.3593331952 113.8046798706 -5268.3012501202 -1007.9933986552 113.8046798706 2.0908719215 2.0824359215 -0.5541376732 
1268139664496236032 49.0131472679 8.3593426962 113.8000259399 -5267.6102217820 -1008.4389107637 113.8000259399 2.0905399215 2.0822909215 -0.5557046732 
1268139664601574144 49.0131436211 8.3593512991 113.7945556641 -5266.9845784755 -1008.8496129904 113.7945556641 2.0895849215 2.0792459215 -0.5556936732 
1268139664707577600 49.0131395919 8.3593608731 113.7894821167 -5266.2882797790 -1009.3034241693 113.7894821167 2.0891799215 2.0761229215 -0.5566976732 
1268139664812968704 49.0131359125 8.3593695457 113.7841949463 -5265.6575739234 -1009.7178004831 113.7841949463 2.0921939215 2.0742089215 -0.5580446732 
1268139664919214080 49.0131318559 8.3593791596 113.7844238281 -5264.9583849944 -1010.1746746628 113.7844238281 2.0930389215 2.0752329215 -0.5592636732 
1268139665024668416 49.0131281502 8.3593878588 113.7871932983 -5264.3257536353 -1010.5919888616 113.7871932983 2.0948629215 2.0775039215 -0.5602926732 
1268139665130608384 49.0131240507 8.3593975262 113.7870254517 -5263.6226898070 -1011.0536754755 113.7870254517 2.0935559215 2.0782319215 -0.5611296732 
1268139665236623872 49.0131199211 8.3594071595 113.7953643799 -5262.9221523511 -1011.5186898680 113.7953643799 2.0945599215 2.0792669215 -0.5612646732 
1268139665342310400 49.0131162202 8.3594159539 113.7984695435 -5262.2825562510 -1011.9355282523 113.7984695435 2.0940949215 2.0809019215 -0.5616446732 
1268139665448021504 49.0131121920 8.3594255929 113.7998199463 -5261.5815064771 -1012.3892621063 113.7998199463 2.0907109215 2.0835409215 -0.5615716732 
1268139665553558016 49.0131085005 8.3594343583 113.8006896973 -5260.9440165747 -1012.8050389495 113.8006896973 2.0898039215 2.0866169215 -0.5614786732 
1268139665659761920 49.0131044368 8.3594439827 113.7966461182 -5260.2440681491 -1013.2627181318 113.7966461182 2.0915699215 2.0868139215 -0.5613736732 
1268139665765058048 49.0131007335 8.3594527609 113.7920074463 -5259.6056549636 -1013.6798120756 113.7920074463 2.0934699215 2.0844999215 -0.5605736732 
1268139665870526208 49.0130966734 8.3594623888 113.7863464355 -5258.9054516096 -1014.1370896334 113.7863464355 2.0921389215 2.0797899215 -0.5594186732 
1268139665976465920 49.0130926265 8.3594719614 113.7815704346 -5258.2092678163 -1014.5928711286 113.7815704346 2.0925239215 2.0780859215 -0.5583216732 
1268139666082384640 49.0130889820 8.3594806641 113.7814331055 -5257.5763238630 -1015.0033835601 113.7814331055 2.0925899215 2.0788639215 -0.5582766732 
1268139666187970048 49.0130849723 8.3594901209 113.7876892090 -5256.8885785697 -1015.4549495792 113.7876892090 2.0961169215 2.0832879215 -0.5576866732 
1268139666293792256 49.0130813574 8.3594987464 113.7867584229 -5256.2612502732 -1015.8621213371 113.7867584229 2.0956249215 2.0858969215 -0.5575786732 
1268139666399598592 49.0130773602 8.3595081204 113.7826156616 -5255.5795466338 -1016.3122583888 113.7826156616 2.0989489215 2.0904819215 -0.5574486732 
1268139666505035776 49.0130734207 8.3595175271 113.7805099487 -5254.8953997392 -1016.7559949690 113.7805099487 2.1007739215 2.0966569215 -0.5593316732 
1268139666611163136 49.0130698403 8.3595260507 113.7763900757 -5254.2754913786 -1017.1592595167 113.7763900757 2.0976849215 2.0948629215 -0.5603056732 
1268139666717261312 49.0130658642 8.3595354945 113.7626495361 -5253.5886604515 -1017.6070907740 113.7626495361 2.0881469215 2.0822719215 -0.5603766732 
1268139666822583296 49.0130622559 8.3595440134 113.7459487915 -5252.9691198141 -1018.0134659084 113.7459487915 2.0868929215 -0.0026590000 -0.5607826732 
1268139666928326400 49.0130583240 8.3595533203 113.7409591675 -5252.2922613192 -1018.4562905803 113.7409591675 2.0850769215 -0.0089890000 -0.5612856732 
1268139667034264576 49.0130548080 8.3595616474 113.7514495850 -5251.6866623523 -1018.8522845889 113.7514495850 2.0825989215 -0.0037360000 -0.5617176732 
1268139667139866112 49.0130509510 8.3595707283 113.7653045654 -5251.0262552026 -1019.2866563927 113.7653045654 2.0788559215 2.0769609215 -0.5621006732 
1268139667245946368 49.0130471330 8.3595797427 113.7752761841 -5250.3706840586 -1019.7166356547 113.7752761841 2.0787719215 2.0841759215 -0.5635306732 
1268139667351803648 49.0130436766 8.3595879236 113.7738952637 -5249.7757145957 -1020.1059146421 113.7738952637 2.0790159215 2.0859119215 -0.5651206732 
1268139667457326336 49.0130398810 8.3595968409 113.7714309692 -5249.1272149149 -1020.5333505217 113.7714309692 2.0805139215 2.0849019215 -0.5662246732 
1268139667563101184 49.0130364466 8.3596049090 113.7698287964 -5248.5404751750 -1020.9201178644 113.7698287964 2.0806099215 2.0812359215 -0.5668256732 
1268139667669001728 49.0130327031 8.3596136832 113.7666091919 -5247.9023944706 -1021.3416680517 113.7666091919 2.0800369215 2.0807779215 -0.5675626732 
1268139667774648320 49.0130293270 8.3596215960 113.7611770630 -5247.3269545708 -1021.7218532059 113.7611770630 2.0792249215 2.0810329215 -0.5683486732 
1268139667880292608 49.0130256620 8.3596301589 113.7643814087 -5246.7042428479 -1022.1345581850 113.7643814087 2.0772149215 2.0857629215 -0.5693686732 
1268139667986185472 49.0130220394 8.3596386015 113.7666778564 -5246.0902998762 -1022.5424735481 113.7666778564 2.0750119215 2.0887359215 -0.5705696732 
1268139668092199936 49.0130187727 8.3596461871 113.7598800659 -5245.5386798390 -1022.9102935689 113.7598800659 2.0757689215 2.0860529215 -0.5716166732 
1268139668197400576 49.0130152649 8.3596543468 113.7552185059 -5244.9453108739 -1023.3052675193 113.7552185059 2.0759579215 2.0854129215 -0.5728426732 
1268139668303491584 49.0130121316 8.3596615657 113.7522354126 -5244.4203831384 -1023.6580367871 113.7522354126 2.0724009215 2.0851229215 -0.5729186732 
1268139668409072128 49.0130087770 8.3596692714 113.7515792847 -5243.8600628990 -1024.0356997168 113.7515792847 -0.0050030000 2.0877789215 -0.5731426732 
1268139668515372288 49.0130055296 8.3596767410 113.7508316040 -5243.3169099829 -1024.4013103042 113.7508316040 -0.0037310000 2.0893959215 -0.5739186732 
1268139668621058304 49.0130026616 8.3596833149 113.7483444214 -5242.8389015273 -1024.7241813615 113.7483444214 2.0725589215 2.0902939215 -0.5735586732 
1268139668726320640 49.0129995946 8.3596903437 113.7455902100 -5242.3278078536 -1025.0694582742 113.7455902100 2.0754999215 2.0919429215 -0.5729756732 
1268139668832189440 49.0129968954 8.3596965831 113.7390670776 -5241.8740991948 -1025.3733573137 113.7390670776 -0.0003250000 2.0917899215 -0.5720416732 
1268139668937843456 49.0129940002 8.3597032418 113.7343902588 -5241.3899114893 -1025.6993085453 113.7343902588 -0.0000960000 2.0930929215 -0.5698866732 
1268139669043554560 49.0129914907 8.3597091410 113.7330093384 -5240.9609003437 -1025.9819226088 113.7330093384 2.0731879215 2.0952959215 -0.5675546732 
1268139669149585408 49.0129887964 8.3597154516 113.7248764038 -5240.5019740164 -1026.2853273600 113.7248764038 2.0768379215 2.0937749215 -0.5629626732 
1268139669254926592 49.0129862430 8.3597215443 113.7178039551 -5240.0588508429 -1026.5729239704 113.7178039551 2.0757999215 2.0923169215 -0.5566386732 
1268139669360599552 49.0129840220 8.3597268720 113.7122497559 -5239.6713605093 -1026.8231149875 113.7122497559 2.0727299215 2.0920689215 -0.5484886732 
1268139669466405376 49.0129817173 8.3597324979 113.7025833130 -5239.2621406326 -1027.0827783225 113.7025833130 2.0736569215 2.0905269215 -0.5367356732 
1268139669571747584 49.0129797708 8.3597373997 113.6969375610 -5238.9055316558 -1027.3021908170 113.6969375610 2.0794269215 2.0894069215 -0.5236186732 
1268139669677466112 49.0129777870 8.3597425342 113.6921997070 -5238.5319417432 -1027.5258837510 113.6921997070 2.0879139215 2.0888569215 -0.5069456732 
1268139669783328256 49.0129761350 8.3597470486 113.6880874634 -5238.2033854250 -1027.7123169368 113.6880874634 2.0887779215 2.0875139215 -0.4910346732 
1268139669888433408 49.0129744319 8.3597518408 113.6844253540 -5237.8545636697 -1027.9045925625 113.6844253540 2.0850869215 2.0860469215 -0.4709446732 
1268139669994406912 49.0129730003 8.3597560797 113.6811676025 -5237.5459426380 -1028.0663549304 113.6811676025 2.0786279215 2.0861549215 -0.4500646732 
1268139670099645184 49.0129715617 8.3597606311 113.6732101440 -5237.2144802104 -1028.2290781969 113.6732101440 2.0750679215 2.0843929215 -0.4242766732 
1268139670205678080 49.0129702717 8.3597650575 113.6691131592 -5236.8920218440 -1028.3752100384 113.6691131592 2.0782829215 2.0839669215 -0.3947976732 
1268139670311376896 49.0129692869 8.3597689087 113.6582641602 -5236.6113357338 -1028.4870588332 113.6582641602 2.0831669215 2.0838529215 -0.3638916732 
1268139670416448768 49.0129683490 8.3597733742 113.6441955566 -5236.2856821857 -1028.5940747447 113.6441955566 2.0872209215 2.0817479215 -0.3264606732 
1268139670522073344 49.0129676062 8.3597774705 113.6335372925 -5235.9868420886 -1028.6791769490 113.6335372925 2.0870929215 2.0798969215 -0.2885106732 
1268139670627405824 49.0129669365 8.3597819679 113.6209487915 -5235.6586088843 -1028.7564003048 113.6209487915 2.0853259215 2.0796009215 -0.2414186732 
1268139670732907264 49.0129664670 8.3597860039 113.6077041626 -5235.3639232714 -1028.8110743873 113.6077041626 2.0814599215 2.0786119215 -0.1942526732 
1268139670838461952 49.0129661363 8.3597904302 113.5907516479 -5235.0405736570 -1028.8505721213 113.5907516479 2.0782639215 2.0773029215 -0.1371326732 
1268139670943909376 49.0129659849 8.3597943450 113.5797424316 -5234.7544542341 -1028.8698173808 113.5797424316 2.0769979215 2.0789999215 -0.0812426732 
1268139671049599744 49.0129659522 8.3597986131 113.5826263428 -5234.4423842291 -1028.8760874793 113.5826263428 2.0751729215 2.0822709215 -0.0159906732 
1268139671154634240 49.0129660531 8.3598027655 113.5729751587 -5234.1386582240 -1028.8674341440 113.5729751587 2.0735379215 2.0860049215 0.0532783268 
1268139671259994112 49.0129663914 8.3598065063 113.5558319092 -5233.8648053281 -1028.8321265997 113.5558319092 2.0751639215 2.0889789215 0.1186173268 
1268139671365650688 49.0129668025 8.3598104551 113.5424194336 -5233.5756692950 -1028.7888670219 113.5424194336 2.0769489215 2.0896279215 0.1919773268 
1268139671470960128 49.0129674075 8.3598140081 113.5263214111 -5233.3152939960 -1028.7237963984 113.5263214111 2.0785509215 2.0886599215 0.2595673268 
1268139671576643584 49.0129682542 8.3598177518 113.5103607178 -5233.0407546511 -1028.6319833063 113.5103607178 2.0803309215 2.0872189215 0.3337533268 
1268139671682258176 49.0129690614 8.3598210920 113.4910583496 -5232.7957507519 -1028.5443168841 113.4910583496 2.0816009215 2.0868499215 0.4003623268 
1268139671787781888 49.0129701417 8.3598245837 113.4738159180 -5232.5394115255 -1028.4263762673 113.4738159180 2.0807239215 2.0876039215 0.4741943268 
1268139671893282816 49.0129712414 8.3598277521 113.4515304565 -5232.3067029456 -1028.3060792116 113.4515304565 2.0774259215 2.0869389215 0.5426573268 
1268139671999502336 49.0129726666 8.3598310894 113.4302444458 -5232.0613318868 -1028.1497161603 113.4302444458 2.0731369215 2.0860049215 0.6183883268 
1268139672104961280 49.0129742541 8.3598343352 113.4047851562 -5231.8224990836 -1027.9752412094 113.4047851562 -0.0034300000 2.0843339215 0.6944173268 
1268139672210182400 49.0129758444 8.3598371245 113.3857879639 -5231.6170467483 -1027.8001774680 113.3857879639 -0.0036870000 2.0832689215 0.7635783268 
1268139672315848448 49.0129777397 8.3598400188 113.3651657104 -5231.4036290610 -1027.5912722060 113.3651657104 -0.0020860000 2.0836489215 0.8388333268 
1268139672421430272 49.0129796116 8.3598424722 113.3478164673 -5231.2224777239 -1027.3846967155 113.3478164673 -0.0005130000 2.0836309215 0.9069733268 
1268139672527258624 49.0129818115 8.3598450271 113.3260116577 -5231.0335932148 -1027.1417198321 113.3260116577 2.0727919215 2.0830519215 0.9803063268 
1268139672633316608 49.0129839838 8.3598471739 113.3078765869 -5230.8745759304 -1026.9015572909 113.3078765869 2.0751229215 2.0813649215 1.0435143268 
1268139672739302144 49.0129865276 8.3598493743 113.2919006348 -5230.7112927708 -1026.6201405600 113.2919006348 2.0766349215 2.0800249215 1.1094343268 
1268139672844973056 49.0129892305 8.3598513970 113.2713394165 -5230.5608473247 -1026.3209164105 113.2713394165 2.0756399215 2.0799919215 1.1726173268 
1268139672950822656 49.0129918606 8.3598530390 113.2551727295 -5230.4383149504 -1026.0295572048 113.2551727295 2.0734899215 2.0803189215 1.2272923268 
1268139673056814336 49.0129948968 8.3598547170 113.2336807251 -5230.3127720854 -1025.6930732327 113.2336807251 2.0731609215 2.0800969215 1.2839413268 
1268139673163199488 49.0129978352 8.3598560216 113.2168807983 -5230.2146206700 -1025.3672290947 113.2168807983 2.0731109215 2.0799679215 1.3313853268 
1268139673268449280 49.0130012074 8.3598573159 113.1977844238 -5230.1168126547 -1024.9931602534 113.1977844238 2.0742399215 2.0810439215 1.3786403268 
1268139673374482944 49.0130047937 8.3598583618 113.1808471680 -5230.0369743312 -1024.5951315537 113.1808471680 2.0733329215 2.0817959215 1.4204203268 
1268139673480639488 49.0130081806 8.3598592283 113.1596069336 -5229.9704367302 -1024.2191678081 113.1596069336 -0.0010140000 2.0811709215 1.4549793268 
1268139673586648832 49.0130121225 8.3598599440 113.1351928711 -5229.9144075699 -1023.7814088967 113.1351928711 -0.0065230000 2.0784149215 1.4902433268 
1268139673692637184 49.0130158260 8.3598605429 113.1120605469 -5229.8671398655 -1023.3700791840 113.1120605469 -0.0059180000 2.0752319215 1.5191683268 
1268139673798729728 49.0130201124 8.3598609339 113.0956649780 -5229.8345316992 -1022.8938280893 113.0956649780 -0.0038860000 2.0741499215 1.5452373268 
1268139673904971776 49.0130245733 8.3598612260 113.0754776001 -5229.8089864430 -1022.3981180061 113.0754776001 -0.0006680000 2.0739259215 1.5643383268 
1268139674011059712 49.0130288256 8.3598613713 113.0569915771 -5229.7943753438 -1021.9254919533 113.0569915771 -0.0010060000 2.0731249215 -2.6346330588 
1268139674117318400 49.0130336942 8.3598615065 113.0355148315 -5229.7799304301 -1021.3843668867 113.0355148315 2.0729319215 -0.0007790000 -2.6267730588 
1268139674223513856 49.0130383091 8.3598615415 113.0194091797 -5229.7730387491 -1020.8713759910 113.0194091797 2.0730739215 -0.0019010000 -2.6252380588 
1268139674330057216 49.0130435544 8.3598616207 113.0041809082 -5229.7623284161 -1020.2883348651 113.0041809082 2.0729069215 -0.0004640000 -2.6270800588 
1268139674436417536 49.0130490136 8.3598617114 112.9848251343 -5229.7505849788 -1019.6815146720 112.9848251343 -0.0023260000 -0.0007000000 -2.6297440588 
1268139674542095872 49.0130541746 8.3598618081 112.9683837891 -5229.7386680760 -1019.1078597177 112.9683837891 -0.0046080000 -0.0007560000 -2.6317380588 
1268139674648438016 49.0130600059 8.3598619647 112.9528579712 -5229.7217549325 -1018.4597144984 112.9528579712 -0.0051120000 2.0736049215 -2.6341480588 
1268139674754861056 49.0130660615 8.3598621017 112.9417419434 -5229.7060572905 -1017.7866402185 112.9417419434 -0.0029350000 2.0757989215 -2.6360420588 
1268139674860545792 49.0130717006 8.3598622736 112.9287261963 -5229.6882040989 -1017.1598746460 112.9287261963 -0.0013930000 2.0772039215 -2.6374400588 
1268139674966952192 49.0130781345 8.3598624183 112.9153060913 -5229.6715873656 -1016.4447368709 112.9153060913 -0.0000790000 2.0778839215 -2.6383850588 
1268139675072301824 49.0130841170 8.3598626134 112.8997726440 -5229.6517108027 -1015.7798212580 112.8997726440 2.0726549215 2.0780679215 -2.6389100588 
1268139675178110976 49.0130909202 8.3598627687 112.8854598999 -5229.6339757681 -1015.0236386918 112.8854598999 2.0724369215 2.0780679215 -2.6397920588 
1268139675283644928 49.0130978885 8.3598629917 112.8724746704 -5229.6111394886 -1014.2491553267 112.8724746704 2.0724409215 2.0784849215 1.5699263268 
1268139675389851904 49.0131044047 8.3598631791 112.8610382080 -5229.5913293649 -1013.5248936843 112.8610382080 2.0737049215 2.0782589215 1.5694483268 
1268139675495820544 49.0131117145 8.3598634046 112.8481140137 -5229.5679867920 -1012.7124461280 112.8481140137 2.0732489215 2.0788599215 1.5693033268 
1268139675601570560 49.0131184768 8.3598635781 112.8379745483 -5229.5489595642 -1011.9608228682 112.8379745483 -0.0029790000 2.0810009215 1.5696253268 
1268139675707370752 49.0131260040 8.3598638145 112.8287887573 -5229.5246110762 -1011.1242114529 112.8287887573 -0.0050150000 2.0831689215 1.5705413268 
1268139675812913920 49.0131329096 8.3598639917 112.8212356567 -5229.5051790706 -1010.3566578468 112.8212356567 -0.0047910000 2.0849749215 -2.6393220588 
1268139675918687488 49.0131405594 8.3598641866 112.8083114624 -5229.4837582346 -1009.5063980091 112.8083114624 -0.0059800000 2.0850059215 -2.6376670588 
1268139676024444160 49.0131482406 8.3598643796 112.7962341309 -5229.4624412232 -1008.6526412740 112.7962341309 -0.0067070000 2.0855139215 -2.6355880588 
1268139676130059776 49.0131552514 8.3598645133 112.7876586914 -5229.4460924700 -1007.8733677417 112.7876586914 -0.0058900000 2.0871039215 -2.6340960588 
1268139676236168704 49.0131629977 8.3598646584 112.7775802612 -5229.4282197410 -1007.0123468265 112.7775802612 -0.0049690000 2.0879209215 -2.6323920588 
1268139676341803776 49.0131700845 8.3598647307 112.7660751343 -5229.4162916940 -1006.2245836686 112.7660751343 -0.0065960000 2.0871849215 -2.6307580588 
1268139676448047872 49.0131779223 8.3598648237 112.7527542114 -5229.4021438243 -1005.3533559153 112.7527542114 -0.0094730000 2.0852509215 -2.6286580588 
1268139676553661440 49.0131850884 8.3598648741 112.7412490845 -5229.3917387403 -1004.5567735769 112.7412490845 -0.0107920000 2.0854489215 -2.6265400588 
1268139676659309312 49.0131930035 8.3598649405 112.7293701172 -5229.3794619119 -1003.6769368388 112.7293701172 -0.0103850000 2.0877199215 -2.6241040588 
1268139676765222656 49.0132009554 8.3598649267 112.7213897705 -5229.3730157673 -1002.7929623667 112.7213897705 -0.0098410000 2.0900569215 -2.6214970588 
1268139676870790912 49.0132082065 8.3598649378 112.7078704834 -5229.3654021455 -1001.9869048996 112.7078704834 -0.0124830000 2.0915139215 -2.6195130588 
1268139676976488960 49.0132162047 8.3598648683 112.6900939941 -5229.3629884770 -1001.0977426553 112.6900939941 -0.0141260000 2.0900269215 -2.6174360588 
1268139677082755840 49.0132234602 8.3598648475 112.6799087524 -5229.3577040960 -1000.2911733901 112.6799087524 -0.0117610000 2.0919039215 -2.6166820588 
1268139677189107712 49.0132314568 8.3598647509 112.6659317017 -5229.3572723210 -999.4021730842 112.6659317017 -0.0085940000 2.0901259215 -2.6150070588 
1268139677294235904 49.0132394512 8.3598646580 112.6516876221 -5229.3565694435 -998.5134267258 112.6516876221 -0.0070510000 2.0882679215 -2.6134240588 
1268139677401122560 49.0132467173 8.3598645158 112.6373443604 -5229.3601539862 -997.7056000829 112.6373443604 -0.0098820000 2.0865119215 -2.6120980588 
1268139677509324032 49.0132546701 8.3598644190 112.6280593872 -5229.3597747476 -996.8214776544 112.6280593872 -0.0093870000 2.0893269215 -2.6113320588 
1268139677611557120 49.0132618918 8.3598642575 112.6191558838 -5229.3648156946 -996.0185750695 112.6191558838 -0.0091480000 2.0915879215 -2.6107600588 
1268139677721409792 49.0132698242 8.3598641391 112.6068496704 -5229.3660383053 -995.1367013501 112.6068496704 -0.0071520000 2.0913699215 -2.6092640588 
1268139677823705600 49.0132777457 8.3598639818 112.5919876099 -5229.3701144740 -994.2560125729 112.5919876099 -0.0086030000 2.0891039215 -2.6078950588 
1268139677929070592 49.0132849200 8.3598638000 112.5787277222 -5229.3766808914 -993.4583740858 112.5787277222 -0.0118630000 2.0887969215 -2.6062860588 
1268139678034980864 49.0132927685 8.3598636415 112.5686874390 -5229.3809080699 -992.5858004652 112.5686874390 -0.0120870000 2.0921939215 -2.6047580588 
1268139678141072896 49.0132998784 8.3598634327 112.5602798462 -5229.3895115986 -991.7953095166 112.5602798462 -0.0102970000 2.0946219215 -2.6037560588 
1268139678246796288 49.0133076867 8.3598632093 112.5460128784 -5229.3985307493 -990.9271649998 112.5460128784 -0.0107190000 2.0946049215 -2.6019830588 
1268139678352999936 49.0133147741 8.3598629870 112.5286483765 -5229.4081382983 -990.1391615756 112.5286483765 -0.0124160000 2.0929649215 -2.6001050588 
1268139678458611712 49.0133225278 8.3598627476 112.5132522583 -5229.4183744027 -989.2770730536 112.5132522583 -0.0135800000 2.0922599215 -2.5987610588 
1268139678564401920 49.0133302432 8.3598624611 112.5010681152 -5229.4320908650 -988.4192198273 112.5010681152 -0.0111780000 2.0920749215 -2.5979950588 
1268139678670039552 49.0133372311 8.3598622259 112.4884185791 -5229.4427362710 -987.6422643121 112.4884185791 -0.0112730000 2.0908109215 -2.5977450588 
1268139678775819520 49.0133448891 8.3598619395 112.4741058350 -5229.4564957360 -986.7907965248 112.4741058350 -0.0112520000 2.0893829215 -2.5974780588 
1268139678882015488 49.0133518167 8.3598617234 112.4642028809 -5229.4658025228 -986.0205494147 112.4642028809 -0.0113790000 2.0896479215 -2.5977120588 
1268139678987778048 49.0133594214 8.3598614315 112.4528121948 -5229.4800221274 -985.1750054974 112.4528121948 -0.0112040000 2.0888469215 -2.5981160588 
1268139679093633280 49.0133669383 8.3598611934 112.4427261353 -5229.4903862310 -984.3392414944 112.4427261353 -0.0102650000 2.0893159215 -2.5989290588 
1268139679199379968 49.0133737611 8.3598609558 112.4330215454 -5229.5013588435 -983.5806403747 112.4330215454 -0.0091650000 2.0893029215 -2.6004190588 
1268139679304340736 49.0133812545 8.3598607562 112.4227828979 -5229.5089299390 -982.7475208435 112.4227828979 -0.0059530000 2.0892569215 -2.6033590588 
1268139679411056640 49.0133879998 8.3598605637 112.4127960205 -5229.5166817287 -981.9975659018 112.4127960205 -0.0057020000 2.0893119215 -2.6077200588 
1268139679517032704 49.0133954151 8.3598604532 112.4017181396 -5229.5178099549 -981.1731733540 112.4017181396 -0.0054150000 2.0897579215 -2.6134000588 
1268139679622828800 49.0134020802 8.3598603845 112.3924407959 -5229.5165866875 -980.4322108300 112.3924407959 -0.0036180000 2.0901599215 -2.6194130588 
1268139679728541184 49.0134093968 8.3598604083 112.3815307617 -5229.5079831047 -979.6188736102 112.3815307617 -0.0011720000 2.0907659215 -2.6275110588 
1268139679834931968 49.0134165984 8.3598605323 112.3691482544 -5229.4921626732 -978.8183923783 112.3691482544 -0.0001310000 2.0908159215 -2.6384260588 
1268139679940804608 49.0134230756 8.3598607251 112.3595886230 -5229.4719912306 -978.0984751312 112.3595886230 2.0737739215 2.0919049215 1.5594213268 
1268139680046735616 49.0134301834 8.3598610801 112.3485336304 -5229.4393743556 -977.3085544556 112.3485336304 2.0753099215 2.0922319215 1.5427823268 
1268139680152694016 49.0134365883 8.3598615166 112.3374938965 -5229.4014446486 -976.5968246143 112.3374938965 2.0742719215 2.0926069215 1.5260773268 
1268139680258630144 49.0134435898 8.3598621745 112.3246383667 -5229.3467770989 -975.8189194640 112.3246383667 -0.0002970000 2.0926569215 1.5053383268 
1268139680364703744 49.0134504895 8.3598630272 112.3122711182 -5229.2779534061 -975.0524420114 112.3122711182 -0.0015230000 2.0928999215 1.4810103268 
1268139680470548992 49.0134566949 8.3598640268 112.3011322021 -5229.1990464705 -974.3632366527 112.3011322021 -0.0015070000 2.0920969215 1.4563843268 
1268139680576534016 49.0134635260 8.3598653670 112.2869796753 -5229.0946440442 -973.6046898812 112.2869796753 -0.0042050000 2.0897469215 1.4292443268 
1268139680682435072 49.0134696604 8.3598668507 112.2749557495 -5228.9804000207 -972.9236705936 112.2749557495 -0.0077890000 2.0890039215 1.4047593268 
1268139680788583168 49.0134763618 8.3598687103 112.2627410889 -5228.8381407653 -972.1798663549 112.2627410889 -0.0126110000 2.0907519215 1.3771443268 
1268139680894072576 49.0134829895 8.3598708811 112.2533340454 -5228.6731923302 -971.4444334814 112.2533340454 -0.0132030000 2.0941319215 1.3485923268 
1268139680999905024 49.0134889161 8.3598731027 112.2464904785 -5228.5051866240 -970.7869764594 112.2464904785 -0.0129930000 2.0973069215 1.3223923268 
1268139681105774848 49.0134953912 8.3598758355 112.2326202393 -5228.2992864456 -970.0688607227 112.2326202393 -0.0139350000 2.0961549215 1.2944193268 
1268139681211656448 49.0135012466 8.3598785397 112.2152252197 -5228.0960578844 -969.4196208017 112.2152252197 -0.0151150000 2.0938789215 1.2693053268 
1268139681317923584 49.0135075863 8.3598817576 112.1972732544 -5227.8548188185 -968.7168542296 112.1972732544 -0.0159920000 2.0919909215 1.2411463268 
1268139681423404288 49.0135138296 8.3598852038 112.1832656860 -5227.5969698934 -968.0249457872 112.1832656860 -0.0158870000 2.0933019215 1.2130833268 
1268139681529101056 49.0135194404 8.3598885592 112.1738739014 -5227.3463566558 -967.4032942252 112.1738739014 -0.0139950000 2.0952409215 1.1881513268 
1268139681634799616 49.0135255422 8.3598924627 112.1598052979 -5227.0552066758 -966.7273934139 112.1598052979 -0.0135860000 2.0947489215 1.1612243268 
1268139681740527360 49.0135310117 8.3598962253 112.1461486816 -5226.7749458386 -966.1217019428 112.1461486816 -0.0110660000 2.0942429215 1.1378313268 
1268139681846434816 49.0135369662 8.3599005457 112.1285247803 -5226.4534481085 -965.4624393638 112.1285247803 -0.0119810000 2.0923749215 1.1136633268 
1268139681952256000 49.0135423003 8.3599046555 112.1140213013 -5226.1479313963 -964.8720078515 112.1140213013 -0.0145140000 2.0917169215 1.0940273268 
1268139682058074112 49.0135480842 8.3599093359 112.1011657715 -5225.8002708764 -964.2319322936 112.1011657715 -0.0176980000 2.0921449215 1.0748633268 
1268139682163408128 49.0135538227 8.3599141724 112.0896224976 -5225.4412350344 -963.5969947912 112.0896224976 -0.0172730000 2.0925139215 1.0585483268 
1268139682269079808 49.0135590041 8.3599186949 112.0770187378 -5225.1056840653 -963.0237915041 112.0770187378 -0.0171830000 2.0905689215 1.0466463268 
1268139682374711808 49.0135646714 8.3599237709 112.0611801147 -5224.7292014372 -962.3969190475 112.0611801147 -0.0204950000 2.0875129215 1.0366003268 
1268139682480289280 49.0135697854 8.3599284618 112.0478668213 -5224.3813983264 -961.8313176492 112.0478668213 -0.0229040000 2.0860329215 1.0295843268 
1268139682585723904 49.0135753902 8.3599336444 112.0348815918 -5223.9971829072 -961.2114616716 112.0348815918 -0.0277830000 2.0877909215 1.0231333268 
1268139682691301632 49.0135804389 8.3599384203 112.0263519287 -5223.6432242822 -960.6531631853 112.0263519287 -0.0276920000 2.0922249215 1.0184333268 
1268139682797009152 49.0135859861 8.3599436933 112.0180664062 -5223.2524551274 -960.0397698302 112.0180664062 -0.0245280000 2.0967609215 1.0131813268 
1268139682902788352 49.0135915035 8.3599489912 112.0061721802 -5222.8598867151 -959.4296995802 112.0061721802 -0.0216190000 2.1000359215 1.0081823268 
1268139683008454912 49.0135965372 8.3599538698 111.9877319336 -5222.4984356484 -958.8731350163 111.9877319336 -0.0244260000 2.0998019215 1.0044223268 
1268139683113924608 49.0136020107 8.3599592770 111.9680862427 -5222.0979163672 -958.2680076621 111.9680862427 -0.0229160000 2.0996859215 1.0008173268 
1268139683220312320 49.0136069884 8.3599642034 111.9517211914 -5221.7330231631 -957.7177046584 111.9517211914 -0.0211990000 2.0986959215 0.9973273268 
1268139683325605888 49.0136123740 8.3599696467 111.9334259033 -5221.3299515343 -957.1223668186 111.9334259033 -0.0178000000 2.0954319215 0.9955103268 
1268139683431185664 49.0136172564 8.3599745684 111.9155502319 -5220.9654891063 -956.5826584566 111.9155502319 -0.0151580000 2.0916479215 0.9949013268 
1268139683536644352 49.0136224950 8.3599798797 111.8983459473 -5220.5722106977 -956.0035867793 111.8983459473 -0.0087180000 2.0851649215 0.9954013268 
1268139683642068480 49.0136272417 8.3599845752 111.8874511719 -5220.2244141969 -955.4788093837 111.8874511719 -0.0107490000 2.0803789215 0.9966643268 
1268139683747984384 49.0136323230 8.3599896556 111.8788375854 -5219.8481630643 -954.9170899587 111.8788375854 -0.0173270000 2.0772029215 1.0011813268 
1268139683853449728 49.0136372446 8.3599945453 111.8695831299 -5219.4860046133 -954.3729975903 111.8695831299 -0.0221880000 2.0762899215 1.0065973268 
1268139683959619072 49.0136415943 8.3599988836 111.8698196411 -5219.1647037459 -953.8921406968 111.8698196411 -0.0184070000 2.0802019215 1.0129303268 
1268139684065230336 49.0136462427 8.3600034038 111.8708724976 -5218.8298169061 -953.3781893058 111.8708724976 -0.0165330000 2.0852229215 1.0231053268 
1268139684170973696 49.0136503602 8.3600073257 111.8696517944 -5218.5391812595 -952.9228886114 111.8696517944 -0.0198250000 2.0875229215 1.0351443268 
1268139684276014848 49.0136547703 8.3600114477 111.8661346436 -5218.2336401389 -952.4351784177 111.8661346436 -0.0236710000 2.0888349215 1.0504223268 
1268139684381711104 49.0136587232 8.3600149442 111.8599319458 -5217.9742623699 -951.9979137201 111.8599319458 -0.0254570000 2.0878619215 1.0662513268 
1268139684487173888 49.0136630129 8.3600186175 111.8502960205 -5217.7016412062 -951.5233202688 111.8502960205 -0.0258490000 2.0856049215 1.0855953268 
1268139684592825344 49.0136672866 8.3600220229 111.8402099609 -5217.4486275911 -951.0503347758 111.8402099609 -0.0247350000 2.0839979215 1.1064503268 
1268139684698365440 49.0136711013 8.3600248710 111.8336715698 -5217.2367983263 -950.6280240780 111.8336715698 -0.0241460000 2.0835869215 1.1265393268 
1268139684804018432 49.0136752787 8.3600278321 111.8276672363 -5217.0163587825 -950.1654729955 111.8276672363 -0.0227230000 2.0819299215 1.1492773268 
1268139684909830144 49.0136789888 8.3600302956 111.8214874268 -5216.8327429877 -949.7545661675 111.8214874268 -0.0211890000 2.0786189215 1.1724863268 
1268139685015660800 49.0136831032 8.3600328651 111.8153381348 -5216.6410040980 -949.2987677446 111.8153381348 -0.0204910000 2.0739229215 1.2017033268 
1268139685120797184 49.0136868425 8.3600349939 111.8096237183 -5216.4818359081 -948.8844080707 111.8096237183 -0.0208830000 -0.0020040000 1.2317773268 
1268139685226110976 49.0136910008 8.3600371567 111.8038330078 -5216.3197907906 -948.4234874332 111.8038330078 -0.0179620000 -0.0048250000 1.2684933268 
1268139685331832064 49.0136947553 8.3600388386 111.8001327515 -5216.1932904769 -948.0071546203 111.8001327515 -0.0170900000 -0.0050560000 1.3045433268 
1268139685437106176 49.0136988803 8.3600404676 111.7992553711 -5216.0703050044 -947.5496020764 111.7992553711 -0.0135160000 -0.0048250000 1.3464823268 
1268139685542804480 49.0137029540 8.3600417381 111.8015823364 -5215.9735841757 -947.0975333890 111.8015823364 -0.0121130000 -0.0017250000 1.3900683268 
1268139685648274688 49.0137066593 8.3600426891 111.8033218384 -5215.9005738251 -946.6862238441 111.8033218384 -0.0092980000 2.0730269215 1.4304083268 
1268139685753790720 49.0137107064 8.3600434279 111.7995605469 -5215.8427560395 -946.2367854901 111.7995605469 -0.0066480000 2.0740989215 1.4746553268 
1268139685859702528 49.0137143415 8.3600438628 111.7967453003 -5215.8075496046 -945.8329598885 111.7967453003 -0.0046190000 2.0771279215 1.5154563268 
1268139685965115648 49.0137182893 8.3600440764 111.7922592163 -5215.7882314895 -945.3942337474 111.7922592163 -0.0036650000 2.0789889215 1.5609683268 
1268139686069115648 49.0137218683 8.3600440450 111.7897567749 -5215.7871716120 -944.9963535508 111.7897567749 -0.0031250000 2.0811069215 -2.6094960588 
1268139686176433920 49.0137257927 8.3600437399 111.7827606201 -5215.8058007146 -944.5599207236 111.7827606201 -0.0055620000 2.0822249215 -2.5647220588 
1268139686282639872 49.0137298029 8.3600431676 111.7691497803 -5215.8438940650 -944.1137656728 111.7691497803 -0.0093990000 2.0795019215 -2.5184640588 
1268139686387748096 49.0137335127 8.3600424054 111.7597503662 -5215.8961476305 -943.7009057431 111.7597503662 -0.0103400000 2.0788449215 -2.4755400588 
1268139686493367296 49.0137376534 8.3600412599 111.7519683838 -5215.9760275010 -943.2398962425 111.7519683838 -0.0122480000 2.0807689215 -2.4275860588 
1268139686599257344 49.0137414765 8.3600399194 111.7440872192 -5216.0704662010 -942.8140787985 111.7440872192 -0.0133510000 2.0835979215 -2.3832970588 
1268139686704770560 49.0137457289 8.3600381184 111.7349166870 -5216.1981719482 -942.3402481396 111.7349166870 -0.0128630000 2.0878469215 -2.3340680588 
1268139686810958336 49.0137496523 8.3600361423 111.7232437134 -5216.3389913798 -941.9028855953 111.7232437134 -0.0146190000 2.0900419215 -2.2888200588 
1268139686916200192 49.0137540036 8.3600336141 111.7121582031 -5216.5197756399 -941.4176152907 111.7121582031 -0.0165810000 2.0922689215 -2.2393860588 
1268139687022244096 49.0137583730 8.3600306917 111.7009735107 -5216.7293725518 -940.9300960554 111.7009735107 -0.0189170000 2.0956169215 -2.1912340588 
1268139687127722240 49.0137623829 8.3600276973 111.6865539551 -5216.9445697242 -940.4824921265 111.6865539551 -0.0176540000 2.0960929215 -2.1492720588 
1268139687233637632 49.0137668215 8.3600240107 111.6650924683 -5217.2099774676 -939.9868048560 111.6650924683 -0.0128170000 2.0946859215 -2.1060620588 
1268139687339724032 49.0137708498 8.3600203088 111.6446380615 -5217.4768942935 -939.5367133161 111.6446380615 -0.0100530000 2.0944969215 -2.0694220588 
1268139687444167168 49.0137752859 8.3600158786 111.6237182617 -5217.7966764176 -939.0408480503 111.6237182617 -0.0136280000 2.0961289215 -2.0316270588 
1268139687551117312 49.0137793293 8.3600115674 111.6071929932 -5218.1081346682 -938.5887079006 111.6071929932 -0.0178690000 2.0981879215 -1.9976850588 
1268139687657262336 49.0137837630 8.3600064640 111.5896530151 -5218.4771421689 -938.0926936893 111.5896530151 -0.0213370000 2.0984229215 -1.9615410588 
1268139687762898944 49.0137880995 8.3600009190 111.5639419556 -5218.8785366959 -937.6072103539 111.5639419556 -0.0204600000 2.0955389215 -1.9273010588 
1268139687868911616 49.0137920102 8.3599955099 111.5418243408 -5219.2703948896 -937.1691379426 111.5418243408 -0.0217860000 2.0895409215 -1.8974850588 
1268139687974877184 49.0137962565 8.3599892482 111.5049743652 -5219.7242825942 -936.6932350267 111.5049743652 -0.0205040000 2.0797579215 -1.8667140588 
1268139688080346112 49.0138000328 8.3599833788 111.4783248901 -5220.1499261644 -936.2698303098 111.4783248901 -0.0173130000 2.0739019215 -1.8424790588 
1268139688186511872 49.0138040470 8.3599768992 111.4551544189 -5220.6199587428 -935.8195947967 111.4551544189 -0.0135550000 2.0756129215 -1.8179490588 
1268139688292531200 49.0138081597 8.3599704758 111.4518051147 -5221.0857966712 -935.3584544165 111.4518051147 -0.0141370000 2.0846069215 -1.7948150588 
1268139688398126080 49.0138117904 8.3599645099 111.4482955933 -5221.5186245391 -934.9511688519 111.4482955933 -0.0150430000 2.0949769215 -1.7756500588 
1268139688504384256 49.0138157171 8.3599578147 111.4353179932 -5222.0045072961 -934.5105236592 111.4353179932 -0.0145420000 2.1031199215 -1.7563140588 
1268139688610268160 49.0138192225 8.3599515483 111.4158706665 -5222.4594306389 -934.1169923805 111.4158706665 -0.0135830000 2.1014229215 -1.7399080588 
1268139688716079872 49.0138230492 8.3599445641 111.3962554932 -5222.9665390942 -933.6872889521 111.3962554932 -0.0120950000 2.0936449215 -1.7232950588 
1268139688822319104 49.0138267641 8.3599374623 111.3790435791 -5223.4823534458 -933.2699438212 111.3790435791 -0.0141030000 2.0861009215 -1.7076050588 
1268139688927947264 49.0138300798 8.3599309358 111.3761367798 -5223.9564786046 -932.8973312834 111.3761367798 -0.0176020000 2.0836009215 -1.6936450588 
1268139689033807360 49.0138336343 8.3599238273 111.3758239746 -5224.4729279265 -932.4978161771 111.3758239746 -0.0195570000 2.0845719215 -1.6792970588 
1268139689139412736 49.0138368275 8.3599173801 111.3798599243 -5224.9413661718 -932.1388639351 111.3798599243 -0.0168020000 2.0841579215 -1.6667510588 
1268139689245471488 49.0138402049 8.3599102292 111.3796997070 -5225.4610851887 -931.7590150144 111.3796997070 -0.0129490000 2.0848889215 -1.6538930588 
1268139689351182592 49.0138435120 8.3599031210 111.3826828003 -5225.9777482449 -931.3869894966 111.3826828003 -0.0146590000 2.0868699215 -1.6439130588 
1268139689456968448 49.0138464444 8.3598966278 111.3836593628 -5226.4497865738 -931.0570055209 111.3836593628 -0.0161720000 2.0899629215 -1.6375840588 
1268139689563049984 49.0138496072 8.3598895575 111.3887710571 -5226.9638159312 -930.7010624586 111.3887710571 -0.0116610000 2.0945909215 -1.6339950588 
1268139689669403648 49.0138523696 8.3598832370 111.3921737671 -5227.4233927210 -930.3900763523 111.3921737671 -0.0065230000 2.0987569215 -1.6339230588 
1268139689775022336 49.0138553664 8.3598764699 111.3912353516 -5227.9154069519 -930.0527693247 111.3912353516 -0.0061660000 2.0981009215 -1.6361430588 
1268139689880980736 49.0138580215 8.3598705709 111.3877410889 -5228.3442563809 -929.7539827619 111.3877410889 -0.0079380000 2.0968869215 -1.6403360588 
1268139689986886656 49.0138608632 8.3598643221 111.3851699829 -5228.7985168882 -929.4342328552 111.3851699829 -0.0108150000 2.0944179215 -1.6469650588 
1268139690092848128 49.0138636721 8.3598583879 111.3813400269 -5229.2297985671 -929.1183173517 111.3813400269 -0.0037470000 2.0912779215 -1.6544150588 
1268139690198600192 49.0138660721 8.3598532106 111.3809204102 -5229.6061244030 -928.8483283138 111.3809204102 -0.0040950000 2.0885249215 -1.6629320588 
1268139690305054976 49.0138686127 8.3598477885 111.3843383789 -5230.0002137913 -928.5625591725 111.3843383789 -0.0060810000 2.0829249215 -1.6712020588 
1268139690410626304 49.0138707971 8.3598431067 111.3868408203 -5230.3405075839 -928.3168486319 111.3868408203 -0.0136060000 2.0771719215 -1.6790930588 
1268139690516602624 49.0138730684 8.3598383285 111.3887252808 -5230.6877635912 -928.0614169361 111.3887252808 -0.0166230000 -0.0011880000 -1.6883190588 
1268139690622244864 49.0138752659 8.3598339071 111.3939208984 -5231.0090046837 -927.8144054590 111.3939208984 -0.0173570000 -0.0000180000 -1.6959450588 
1268139690728360192 49.0138771696 8.3598301038 111.3987579346 -5231.2853228628 -927.6004290674 111.3987579346 -0.0118240000 -0.0022360000 -1.7027850588 
1268139690833695744 49.0138791607 8.3598261346 111.4029922485 -5231.5736916231 -927.3766481746 111.4029922485 -0.0095420000 -0.0026340000 -1.7097300588 
1268139690940147968 49.0138808353 8.3598227654 111.4180450439 -5231.8184799041 -927.1884059086 111.4180450439 -0.0112210000 2.0736309215 -1.7151610588 
1268139691045745920 49.0138826118 8.3598192966 111.4340896606 -5232.0704574799 -926.9887835020 111.4340896606 -0.0163720000 2.0779659215 -1.7215270588 
1268139691151528448 49.0138843086 8.3598159705 111.4509124756 -5232.3120820611 -926.7981125601 111.4509124756 -0.0189930000 2.0804099215 -1.7275130588 
1268139691257318144 49.0138858544 8.3598129584 111.4571609497 -5232.5308759678 -926.6244179243 111.4571609497 -0.0193530000 2.0793139215 -1.7324890588 
1268139691363136512 49.0138875574 8.3598096783 111.4624786377 -5232.7691273172 -926.4330799347 111.4624786377 -0.0184580000 2.0775219215 -1.7376500588 
1268139691469113344 49.0138891001 8.3598067619 111.4668502808 -5232.9809335507 -926.2597868964 111.4668502808 -0.0189240000 2.0773939215 -1.7423410588 
1268139691574918656 49.0138908172 8.3598036008 111.4773101807 -5233.2104660219 -926.0669611432 111.4773101807 -0.0198740000 2.0792609215 -1.7476640588 
1268139691681551360 49.0138924733 8.3598005357 111.4882431030 -5233.4330420817 -925.8809693325 111.4882431030 -0.0205510000 2.0814149215 -1.7533170588 
1268139691786839296 49.0138940053 8.3597977763 111.4952774048 -5233.6333734636 -925.7089569625 111.4952774048 -0.0204170000 2.0841839215 -1.7587610588 
1268139691896054784 49.0138956610 8.3597948082 111.5032043457 -5233.8488509433 -925.5230751336 111.5032043457 -0.0211060000 2.0848459215 -1.7659760588 
1268139691998390784 49.0138971887 8.3597921370 111.5077362061 -5234.0427434627 -925.3515952341 111.5077362061 -0.0207910000 2.0837979215 -1.7721920588 
1268139692107641088 49.0138988661 8.3597892299 111.5158691406 -5234.2537438676 -925.1633393681 111.5158691406 -0.0203910000 2.0833529215 -1.7786940588 
1268139692210008576 49.0139004116 8.3597865913 111.5218658447 -5234.4452314170 -924.9899082668 111.5218658447 -0.0190880000 2.0832009215 -1.7848070588 
1268139692315676672 49.0139020928 8.3597837377 111.5297317505 -5234.6523161423 -924.8012625370 111.5297317505 -0.0185330000 2.0829959215 -1.7915020588 
1268139692421400576 49.0139038284 8.3597808537 111.5341720581 -5234.8615704327 -924.6065395977 111.5341720581 -0.0195150000 2.0821619215 -1.7978330588 
1268139692527270144 49.0139053854 8.3597782431 111.5427627563 -5235.0510016526 -924.4318459863 111.5427627563 -0.0200220000 2.0817289215 -1.8046530588 
1268139692633165056 49.0139071807 8.3597752876 111.5473022461 -5235.2654296111 -924.2304491932 111.5473022461 -0.0188080000 2.0812279215 -1.8139780588 
1268139692739101696 49.0139088781 8.3597724927 111.5528335571 -5235.4682032088 -924.0400369437 111.5528335571 -0.0167380000 2.0801459215 -1.8241390588 
1268139692844914176 49.0139108053 8.3597694553 111.5533218384 -5235.6884958723 -923.8239223193 111.5533218384 -0.0170270000 2.0783869215 -1.8373110588 
1268139692951038208 49.0139127874 8.3597664289 111.5607070923 -5235.9079312009 -923.6017167177 111.5607070923 -0.0177090000 2.0780109215 -1.8526970588 
1268139693056741632 49.0139146174 8.3597636874 111.5688400269 -5236.1066774346 -923.3965999875 111.5688400269 -0.0184570000 2.0788009215 -1.8694670588 
1268139693162664960 49.0139166977 8.3597607419 111.5800323486 -5236.3201085770 -923.1635292079 111.5800323486 -0.0181960000 2.0789879215 -1.8891200588 
1268139693268751616 49.0139186718 8.3597580652 111.5872879028 -5236.5139779512 -922.9424255900 111.5872879028 -0.0181350000 2.0782339215 -1.9087420588 
1268139693374580736 49.0139209612 8.3597550939 111.5954895020 -5236.7291022337 -922.6860913187 111.5954895020 -0.0185960000 2.0763569215 -1.9327480588 
1268139693480572928 49.0139233981 8.3597521075 111.6028060913 -5236.9451876733 -922.4133477462 111.6028060913 -0.0184060000 2.0739249215 -1.9584650588 
1268139693586461440 49.0139257381 8.3597493737 111.6084213257 -5237.1428922016 -922.1515377965 111.6084213257 -0.0176510000 -0.0003560000 -1.9835410588 
1268139693692635648 49.0139284268 8.3597464024 111.6172714233 -5237.3576371274 -921.8508251933 111.6172714233 -0.0165750000 -0.0019920000 -2.0127050588 
1268139693797923584 49.0139310279 8.3597437134 111.6238479614 -5237.5518165027 -921.5600115750 111.6238479614 -0.0143820000 -0.0028010000 -2.0415670588 
1268139693904199936 49.0139340464 8.3597408055 111.6347656250 -5237.7616215716 -921.2226636661 111.6347656250 -0.0120690000 -0.0031010000 -2.0770770588 
1268139694010391296 49.0139372527 8.3597379501 111.6438217163 -5237.9674063916 -920.8644756470 111.6438217163 -0.0117490000 -0.0032270000 -2.1164920588 
1268139694116115456 49.0139403170 8.3597354672 111.6559677124 -5238.1460821962 -920.5223028157 111.6559677124 -0.0134250000 -0.0024150000 -2.1543630588 
1268139694222538752 49.0139438588 8.3597328658 111.6663055420 -5238.3329831733 -920.1269744756 111.6663055420 -0.0133370000 2.0728419215 -2.1979190588 
1268139694328350720 49.0139472183 8.3597306338 111.6801071167 -5238.4930338929 -919.7521488639 111.6801071167 -0.0141160000 2.0756829215 -2.2402640588 
1268139694434214144 49.0139510913 8.3597283728 111.6902694702 -5238.6547301444 -919.3202065555 111.6902694702 -0.0136400000 2.0777389215 -2.2891960588 
1268139694540193536 49.0139547630 8.3597265382 111.7023010254 -5238.7854365561 -918.9109136965 111.7023010254 -0.0135070000 2.0779919215 -2.3351600588 
1268139694646173184 49.0139589597 8.3597247766 111.7125473022 -5238.9103145700 -918.4433021015 111.7125473022 -0.0116020000 2.0782279215 -2.3865520588 
1268139694752220416 49.0139633057 8.3597233491 111.7253494263 -5239.0106152662 -917.9592999145 111.7253494263 -0.0095770000 2.0786549215 -2.4386260588 
